mu0: 0.31385390835253035
betaG0: 0.6172142921775885
betaF0: 0.7280564809240659
Kn0: 0.009647
Kg0: 8.551854
Kf0: 7.16565
Kig0: 44.15067
Kie0: 42.528284
Kd0: 0.0001
Yxn: 7.38506256222644
Yxg: 2.446411064378752
Yxf: 1.642634
Yeg: 0.5226866227220787
Yef: 0.438537742319793

0.31385390835253035, 0.6172142921775885, 0.7280564809240659, 0.009647, 8.551854, 7.16565, 44.15067, 42.528284, 0.0001, 7.38506256222644, 2.446411064378752, 1.642634, 0.5226866227220787, 0.438537742319793